LJ001-0110 9 4 3 4 3 4 9 9 7 5 8 4 8 13 10 14 8 3 4 4 7 5 11 6 9 9 11 15 9 5 7 5 5 3 11 3 4 4 6 5 5 4 7 5 4 4 4 4 8 4 5 4 6 6 9 11
LJ002-0018 3 3 3 3 7 3 3 5 3 3 9 4 4 3 3 4 10 7 8 4 3 5 5 6 4 7 4 6 3 6 4 3 3 4 6 4 3 4 3 3 5 6 11 10 11 11 9 10 9 6 4 3 4 9 10 5 5 3 4 4 3 5 8 4 4 5 9 4 7 5 3 3 3 5 6 4 5 4 4 4 7 7 4 4 4 7 3
LJ002-0043 4 15 7 6 5 7 10 5 13 9 24 3 12 7 5 9 6 4 6 8 6 4 7 4 13 13 11 17 7 5 10 4 7 6 4 3 4 6 7 7 5 8 14 13 9 7 3 4 3 7 13 13 14 17 9 15 13
LJ003-0111 4 3 4 4 4 5 5 6 4 5 4 5 4 3 6 5 9 7 6 8 4 10 5 4 3 3 4 4 5 6 5 5 6 4 3 4 3 4 8 5 8 6 8 7 4 3 5 9 24 19 12 4 4 6 5 10 12 27 5 9 5 8 12 3 3 4 3 6 8 3 3 6 3 4 3 3 3 7 6 4 5 5 3 4 7 6 7 4 6 16
LJ003-0345 10 12 4 3 4 4 4 3 4 4 6 3 5 3 6 12 3 3 3 3 8 4 5 5 6 10 6 8 17 8 3 4 4 4 7 5 6 3 4 3 6 4 4 5 6 4 4 3 4 4 5 5 8 8 4 3 10 5 10 21
LJ004-0045 3 3 3 3 4 12 5 8 5 5 7 10 9 9 11 24 15 5 11 8 5 6 6 6 5 3 3 8 12 25 3 14 6 9 6 5 4 13 4 4 6 7 5 14 21 10 4 5 3 4 3 6 5 6 5 7 5 3 3 5 8 5 7 18
LJ004-0096 15 4 5 8 4 4 3 4 6 5 4 3 5 4 3 3 3 5 4 4 5 3 6 9 4 3 6 3 3 4 6 3 3 5 5 6 4 4 5 3 4 5 4 3 8 3 5 3 4 6 5 4 5 3 3 4 7 7 5 5 4 7 6 5 8 10 6 8 10 6 6 13
LJ004-0152 5 4 6 6 3 3 3 3 4 4 5 5 4 4 4 4 3 3 3 3 4 7 4 8 5 4 8 7 8 6 8 3 3 4 5 4 5 3 5 7 5 4 5 3 3 8 4 5 7 4 11 7 6 5 5 6 6 7 6 6 6 10 5 6 4 4 6 3 3 9 9 7 7 5 3 3 3 7 9 6 3 3 3 3 4 4 5 7 8 8 6 10 22 10 6 6 4 4 3 4 6 6 7 6 5 4 3 4 4 12 8 8 3
LJ005-0014 8 4 7 5 4 6 3 5 4 3 4 5 12 7 4 7 4 5 3 5 4 4 3 4 9 5 8 23 12 9 3 3 5 6 4 7 5 3 3 6 12
LJ005-0079 4 3 3 3 3 6 4 5 4 3 4 4 5 4 4 3 6 4 3 3 4 5 4 4 4 6 9 14 18 6 3 4 7 4 6 3 4 6 6 4 4 3 5 4 4 6 4 7 5 7 5 4 5 5 5 3 4 5 5 4 3 7 3 5 6 3 4 5 5 5 5 4 4 5 3 6 9 4 4 5 8 22
